0,0,1,-1,0,0,0,-1,0,323.6,-335.6,237,0
1.5229e-06,1.5229e-06,1,-1,1.5229e-06,1.5229e-06,-1.5229e-06,-1,1.5229e-06,323.6,-335.6,237,0
1.2091e-05,1.2091e-05,1,-1,1.2091e-05,1.2091e-05,-1.2091e-05,-1,1.2091e-05,323.6,-335.6,237,0
4.0498e-05,4.0497e-05,1,-1,4.0498e-05,4.0497e-05,-4.0497e-05,-1,4.0498e-05,323.6,-335.61,236.99,0
9.5269e-05,9.526e-05,1,-1,9.5269e-05,9.526e-05,-9.526e-05,-1,9.5269e-05,323.6,-335.61,236.98,0
0.00018466,0.00018463,1,-1,0.00018466,0.00018463,-0.00018463,-1,0.00018466,323.6,-335.62,236.97,0
0.00031667,0.00031657,1,-1,0.00031667,0.00031657,-0.00031657,-1,0.00031667,323.59,-335.64,236.94,0
0.00049904,0.0004988,1,-1,0.00049904,0.0004988,-0.0004988,-1,0.00049904,323.59,-335.66,236.91,0
0.00073927,0.00073873,1,-1,0.00073927,0.00073873,-0.00073873,-1,0.00073927,323.58,-335.69,236.86,0
0.0010446,0.0010435,1,-1,0.0010446,0.0010435,-0.0010435,-1,0.0010446,323.58,-335.73,236.81,0
0.0014221,0.0014201,1,-1,0.0014221,0.0014201,-0.0014201,-1,0.0014221,323.57,-335.78,236.74,0
0.0018785,0.0018749,1,-1,0.0018785,0.0018749,-0.0018749,-1,0.0018785,323.56,-335.84,236.65,0
0.0024203,0.0024145,0.99999,-0.99999,0.0024203,0.0024145,-0.0024145,-0.99999,0.0024203,323.55,-335.91,236.55,0
0.003054,0.0030447,0.99999,-0.99999,0.003054,0.0030447,-0.0030447,-0.99999,0.003054,323.53,-335.99,236.44,0
0.0037857,0.0037714,0.99999,-0.99999,0.0037857,0.0037714,-0.0037714,-0.99999,0.0037857,323.52,-336.08,236.3,0
0.0046213,0.0046001,0.99998,-0.99998,0.0046213,0.0046001,-0.0046001,-0.99998,0.0046213,323.5,-336.19,236.15,0
0.0055666,0.0055358,0.99997,-0.99997,0.0055666,0.0055358,-0.0055358,-0.99997,0.0055666,323.48,-336.31,235.97,0
0.0066272,0.0065836,0.99996,-0.99996,0.0066272,0.0065836,-0.0065836,-0.99996,0.0066272,323.46,-336.44,235.77,0
0.0078084,0.0077479,0.99994,-0.99994,0.0078084,0.0077479,-0.0077479,-0.99994,0.0078084,323.43,-336.59,235.56,0
0.0091155,0.0090332,0.99992,-0.99992,0.0091155,0.0090332,-0.0090332,-0.99992,0.0091155,323.4,-336.76,235.32,0
0.010554,0.010443,0.99989,-0.99989,0.010554,0.010443,-0.010443,-0.99989,0.010554,323.38,-336.94,235.05,0
0.012127,0.011982,0.99985,-0.99985,0.012127,0.011982,-0.011982,-0.99985,0.012127,323.35,-337.14,234.76,0
0.013842,0.013653,0.99981,-0.99981,0.013842,0.013653,-0.013653,-0.99981,0.013842,323.31,-337.35,234.44,0
0.015702,0.015459,0.99976,-0.99976,0.015702,0.015459,-0.015459,-0.99976,0.015702,323.28,-337.58,234.1,0
0.017711,0.017403,0.99969,-0.99969,0.017711,0.017403,-0.017403,-0.99969,0.017711,323.24,-337.83,233.73,0
0.019874,0.019487,0.99961,-0.99961,0.019874,0.019487,-0.019487,-0.99961,0.019874,323.21,-338.1,233.33,0
0.022195,0.021713,0.99952,-0.99952,0.022195,0.021713,-0.021713,-0.99952,0.022195,323.17,-338.38,232.9,0
0.024679,0.024084,0.99941,-0.99941,0.024679,0.024084,-0.024084,-0.99941,0.024679,323.13,-338.68,232.44,0
0.027328,0.026601,0.99927,-0.99927,0.027328,0.026601,-0.026601,-0.99927,0.027328,323.09,-339,231.96,0
0.030147,0.029264,0.99912,-0.99912,0.030147,0.029264,-0.029264,-0.99912,0.030147,323.06,-339.34,231.44,0
0.03314,0.032076,0.99894,-0.99894,0.03314,0.032076,-0.032076,-0.99894,0.03314,323.02,-339.7,230.89,0
0.03631,0.035036,0.99873,-0.99873,0.03631,0.035036,-0.035036,-0.99873,0.03631,322.98,-340.08,230.3,0
0.03966,0.038145,0.99848,-0.99848,0.03966,0.038145,-0.038145,-0.99848,0.03966,322.94,-340.47,229.69,0
0.043193,0.041402,0.99821,-0.99821,0.043193,0.041402,-0.041402,-0.99821,0.043193,322.91,-340.89,229.04,0
0.046913,0.044807,0.99789,-0.99789,0.046913,0.044807,-0.044807,-0.99789,0.046913,322.87,-341.32,228.36,0
0.050823,0.048359,0.99754,-0.99754,0.050823,0.048359,-0.048359,-0.99754,0.050823,322.84,-341.77,227.64,0
0.054925,0.052058,0.99713,-0.99713,0.054925,0.052058,-0.052058,-0.99713,0.054925,322.82,-342.23,226.89,0
0.059223,0.055901,0.99668,-0.99668,0.059223,0.055901,-0.055901,-0.99668,0.059223,322.79,-342.72,226.1,0
0.063718,0.059887,0.99617,-0.99617,0.063718,0.059887,-0.059887,-0.99617,0.063718,322.78,-343.22,225.27,0
0.068413,0.064014,0.9956,-0.9956,0.068413,0.064014,-0.064014,-0.9956,0.068413,322.76,-343.74,224.41,0
0.073311,0.06828,0.99497,-0.99497,0.073311,0.06828,-0.06828,-0.99497,0.073311,322.76,-344.28,223.52,0
0.078412,0.07268,0.99427,-0.99427,0.078412,0.07268,-0.07268,-0.99427,0.078412,322.76,-344.83,222.59,0
0.08372,0.077213,0.99349,-0.99349,0.08372,0.077213,-0.077213,-0.99349,0.08372,322.76,-345.4,221.62,0
0.089236,0.081875,0.99264,-0.99264,0.089236,0.081875,-0.081875,-0.99264,0.089236,322.78,-345.98,220.61,0
0.094961,0.086663,0.9917,-0.9917,0.094961,0.086663,-0.086663,-0.9917,0.094961,322.8,-346.58,219.56,0
0.1009,0.091571,0.99067,-0.99067,0.1009,0.091571,-0.091571,-0.99067,0.1009,322.84,-347.19,218.48,0
0.10704,0.096595,0.98955,-0.98955,0.10704,0.096595,-0.096595,-0.98955,0.10704,322.88,-347.81,217.36,0
0.1134,0.10173,0.98833,-0.98833,0.1134,0.10173,-0.10173,-0.98833,0.1134,322.94,-348.45,216.2,0
0.11998,0.10697,0.987,-0.987,0.11998,0.10697,-0.10697,-0.987,0.11998,323.01,-349.1,215,0
0.12677,0.11232,0.98555,-0.98555,0.12677,0.11232,-0.11232,-0.98555,0.12677,323.09,-349.76,213.77,0
0.13377,0.11776,0.98399,-0.98399,0.13377,0.11776,-0.11776,-0.98399,0.13377,323.19,-350.43,212.5,0
0.14098,0.12329,0.98231,-0.98231,0.14098,0.12329,-0.12329,-0.98231,0.14098,323.3,-351.1,211.19,0
0.14841,0.1289,0.98049,-0.98049,0.14841,0.1289,-0.1289,-0.98049,0.14841,323.43,-351.79,209.84,0
0.15605,0.13459,0.97854,-0.97854,0.15605,0.13459,-0.13459,-0.97854,0.15605,323.58,-352.48,208.45,0
0.1639,0.14035,0.97644,-0.97644,0.1639,0.14035,-0.14035,-0.97644,0.1639,323.75,-353.18,207.03,0
0.17197,0.14617,0.9742,-0.9742,0.17197,0.14617,-0.14617,-0.9742,0.17197,323.93,-353.88,205.57,0
0.18024,0.15204,0.9718,-0.9718,0.18024,0.15204,-0.15204,-0.9718,0.18024,324.14,-354.59,204.07,0
0.18872,0.15796,0.96924,-0.96924,0.18872,0.15796,-0.15796,-0.96924,0.18872,324.36,-355.3,202.53,0
0.19741,0.16393,0.96652,-0.96652,0.19741,0.16393,-0.16393,-0.96652,0.19741,324.61,-356.01,200.96,0
0.2063,0.16992,0.96362,-0.96362,0.2063,0.16992,-0.16992,-0.96362,0.2063,324.88,-356.72,199.36,0
0.21539,0.17594,0.96055,-0.96055,0.21539,0.17594,-0.17594,-0.96055,0.21539,325.18,-357.43,197.71,0
0.22467,0.18197,0.95729,-0.95729,0.22467,0.18197,-0.18197,-0.95729,0.22467,325.5,-358.13,196.04,0
0.23415,0.188,0.95385,-0.95385,0.23415,0.188,-0.188,-0.95385,0.23415,325.85,-358.83,194.33,0
0.24382,0.19404,0.95021,-0.95021,0.24382,0.19404,-0.19404,-0.95021,0.24382,326.22,-359.53,192.58,0
0.25368,0.20006,0.94637,-0.94637,0.25368,0.20006,-0.20006,-0.94637,0.25368,326.62,-360.22,190.81,0
0.26372,0.20605,0.94233,-0.94233,0.26372,0.20605,-0.20605,-0.94233,0.26372,327.05,-360.91,189,0
0.27393,0.21202,0.93809,-0.93809,0.27393,0.21202,-0.21202,-0.93809,0.27393,327.51,-361.58,187.16,0
0.28432,0.21795,0.93363,-0.93363,0.28432,0.21795,-0.21795,-0.93363,0.28432,328,-362.24,185.29,0
0.29487,0.22382,0.92895,-0.92895,0.29487,0.22382,-0.22382,-0.92895,0.29487,328.52,-362.89,183.39,0
0.30558,0.22964,0.92406,-0.92406,0.30558,0.22964,-0.22964,-0.92406,0.30558,329.07,-363.53,181.46,0
0.31645,0.23539,0.91894,-0.91894,0.31645,0.23539,-0.23539,-0.91894,0.31645,329.65,-364.15,179.51,0
0.32746,0.24106,0.9136,-0.9136,0.32746,0.24106,-0.24106,-0.9136,0.32746,330.26,-364.76,177.53,0
0.33862,0.24664,0.90802,-0.90802,0.33862,0.24664,-0.24664,-0.90802,0.33862,330.91,-365.35,175.53,0
0.34991,0.25212,0.90222,-0.90222,0.34991,0.25212,-0.25212,-0.90222,0.34991,331.59,-365.92,173.5,0
0.36132,0.2575,0.89618,-0.89618,0.36132,0.2575,-0.2575,-0.89618,0.36132,332.3,-366.47,171.45,0
0.37285,0.26276,0.88991,-0.88991,0.37285,0.26276,-0.26276,-0.88991,0.37285,333.05,-367,169.38,0
0.38449,0.26789,0.8834,-0.8834,0.38449,0.26789,-0.26789,-0.8834,0.38449,333.83,-367.5,167.29,0
0.39624,0.27289,0.87666,-0.87666,0.39624,0.27289,-0.27289,-0.87666,0.39624,334.65,-367.98,165.18,0
0.40807,0.27775,0.86967,-0.86967,0.40807,0.27775,-0.27775,-0.86967,0.40807,335.5,-368.44,163.06,0
0.42,0.28245,0.86245,-0.86245,0.42,0.28245,-0.28245,-0.86245,0.42,336.38,-368.86,160.92,0
0.43199,0.28699,0.855,-0.855,0.43199,0.28699,-0.28699,-0.855,0.43199,337.3,-369.26,158.77,0
0.44405,0.29136,0.84731,-0.84731,0.44405,0.29136,-0.29136,-0.84731,0.44405,338.26,-369.63,156.6,0
0.45617,0.29555,0.83938,-0.83938,0.45617,0.29555,-0.29555,-0.83938,0.45617,339.24,-369.97,154.43,0
0.46834,0.29956,0.83122,-0.83122,0.46834,0.29956,-0.29956,-0.83122,0.46834,340.27,-370.28,152.24,0
0.48054,0.30337,0.82283,-0.82283,0.48054,0.30337,-0.30337,-0.82283,0.48054,341.32,-370.55,150.05,0
0.49276,0.30698,0.81422,-0.81422,0.49276,0.30698,-0.30698,-0.81422,0.49276,342.41,-370.79,147.86,0
0.50501,0.31038,0.80538,-0.80538,0.50501,0.31038,-0.31038,-0.80538,0.50501,343.53,-371,145.66,0
0.51726,0.31357,0.79631,-0.79631,0.51726,0.31357,-0.31357,-0.79631,0.51726,344.69,-371.17,143.46,0
0.5295,0.31654,0.78704,-0.78704,0.5295,0.31654,-0.31654,-0.78704,0.5295,345.88,-371.3,141.25,0
0.54173,0.31928,0.77755,-0.77755,0.54173,0.31928,-0.31928,-0.77755,0.54173,347.09,-371.4,139.05,0
0.55394,0.32179,0.76785,-0.76785,0.55394,0.32179,-0.32179,-0.76785,0.55394,348.34,-371.46,136.86,0
0.56611,0.32407,0.75796,-0.75796,0.56611,0.32407,-0.32407,-0.75796,0.56611,349.62,-371.48,134.67,0
0.57823,0.3261,0.74787,-0.74787,0.57823,0.3261,-0.3261,-0.74787,0.57823,350.93,-371.46,132.48,0
0.5903,0.32789,0.73759,-0.73759,0.5903,0.32789,-0.32789,-0.73759,0.5903,352.27,-371.4,130.31,0
0.6023,0.32943,0.72713,-0.72713,0.6023,0.32943,-0.32943,-0.72713,0.6023,353.63,-371.3,128.14,0
0.61422,0.33071,0.71649,-0.71649,0.61422,0.33071,-0.33071,-0.71649,0.61422,355.02,-371.16,125.99,0
0.62606,0.33175,0.70568,-0.70568,0.62606,0.33175,-0.33175,-0.70568,0.62606,356.43,-370.98,123.85,0
0.6378,0.33252,0.69472,-0.69472,0.6378,0.33252,-0.33252,-0.69472,0.6378,357.87,-370.76,121.73,0
0.64944,0.33304,0.68361,-0.68361,0.64944,0.33304,-0.33304,-0.68361,0.64944,359.33,-370.5,119.62,0
0.66095,0.3333,0.67235,-0.67235,0.66095,0.3333,-0.3333,-0.67235,0.66095,360.82,-370.2,117.54,0
0.67235,0.3333,0.66095,-0.66095,0.67235,0.3333,-0.3333,-0.66095,0.67235,362.32,-369.86,115.47,0
0.68361,0.33304,0.64944,-0.64944,0.68361,0.33304,-0.33304,-0.64944,0.68361,363.84,-369.47,113.42,0
0.69472,0.33252,0.6378,-0.6378,0.69472,0.33252,-0.33252,-0.6378,0.69472,365.38,-369.05,111.4,0
0.70568,0.33175,0.62606,-0.62606,0.70568,0.33175,-0.33175,-0.62606,0.70568,366.94,-368.59,109.4,0
0.71649,0.33071,0.61422,-0.61422,0.71649,0.33071,-0.33071,-0.61422,0.71649,368.51,-368.08,107.43,0
0.72713,0.32943,0.6023,-0.6023,0.72713,0.32943,-0.32943,-0.6023,0.72713,370.09,-367.54,105.49,0
0.73759,0.32789,0.5903,-0.5903,0.73759,0.32789,-0.32789,-0.5903,0.73759,371.69,-366.96,103.57,0
0.74787,0.3261,0.57823,-0.57823,0.74787,0.3261,-0.3261,-0.57823,0.74787,373.3,-366.34,101.69,0
0.75796,0.32407,0.56611,-0.56611,0.75796,0.32407,-0.32407,-0.56611,0.75796,374.91,-365.69,99.833,0
0.76785,0.32179,0.55394,-0.55394,0.76785,0.32179,-0.32179,-0.55394,0.76785,376.54,-364.99,98.01,0
0.77755,0.31928,0.54173,-0.54173,0.77755,0.31928,-0.31928,-0.54173,0.77755,378.17,-364.27,96.221,0
0.78704,0.31654,0.5295,-0.5295,0.78704,0.31654,-0.31654,-0.5295,0.78704,379.8,-363.5,94.466,0
0.79631,0.31357,0.51726,-0.51726,0.79631,0.31357,-0.31357,-0.51726,0.79631,381.44,-362.71,92.746,0
0.80538,0.31038,0.50501,-0.50501,0.80538,0.31038,-0.31038,-0.50501,0.80538,383.07,-361.88,91.061,0
0.81422,0.30698,0.49276,-0.49276,0.81422,0.30698,-0.30698,-0.49276,0.81422,384.71,-361.02,89.414,0
0.82283,0.30337,0.48054,-0.48054,0.82283,0.30337,-0.30337,-0.48054,0.82283,386.35,-360.13,87.803,0
0.83122,0.29956,0.46834,-0.46834,0.83122,0.29956,-0.29956,-0.46834,0.83122,387.98,-359.2,86.23,0
0.83938,0.29555,0.45617,-0.45617,0.83938,0.29555,-0.29555,-0.45617,0.83938,389.61,-358.26,84.695,0
0.84731,0.29136,0.44405,-0.44405,0.84731,0.29136,-0.29136,-0.44405,0.84731,391.23,-357.28,83.199,0
0.855,0.28699,0.43199,-0.43199,0.855,0.28699,-0.28699,-0.43199,0.855,392.85,-356.28,81.742,0
0.86245,0.28245,0.42,-0.42,0.86245,0.28245,-0.28245,-0.42,0.86245,394.46,-355.26,80.325,0
0.86967,0.27775,0.40807,-0.40807,0.86967,0.27775,-0.27775,-0.40807,0.86967,396.05,-354.21,78.947,0
0.87666,0.27289,0.39624,-0.39624,0.87666,0.27289,-0.27289,-0.39624,0.87666,397.64,-353.14,77.609,0
0.8834,0.26789,0.38449,-0.38449,0.8834,0.26789,-0.26789,-0.38449,0.8834,399.21,-352.06,76.311,0
0.88991,0.26276,0.37285,-0.37285,0.88991,0.26276,-0.26276,-0.37285,0.88991,400.77,-350.95,75.053,0
0.89618,0.2575,0.36132,-0.36132,0.89618,0.2575,-0.2575,-0.36132,0.89618,402.31,-349.83,73.835,0
0.90222,0.25212,0.34991,-0.34991,0.90222,0.25212,-0.25212,-0.34991,0.90222,403.84,-348.7,72.656,0
0.90802,0.24664,0.33862,-0.33862,0.90802,0.24664,-0.24664,-0.33862,0.90802,405.35,-347.55,71.517,0
0.9136,0.24106,0.32746,-0.32746,0.9136,0.24106,-0.24106,-0.32746,0.9136,406.84,-346.39,70.417,0
0.91894,0.23539,0.31645,-0.31645,0.91894,0.23539,-0.23539,-0.31645,0.91894,408.31,-345.22,69.356,0
0.92406,0.22964,0.30558,-0.30558,0.92406,0.22964,-0.22964,-0.30558,0.92406,409.77,-344.04,68.334,0
0.92895,0.22382,0.29487,-0.29487,0.92895,0.22382,-0.22382,-0.29487,0.92895,411.2,-342.85,67.35,0
0.93363,0.21795,0.28432,-0.28432,0.93363,0.21795,-0.21795,-0.28432,0.93363,412.6,-341.66,66.403,0
0.93809,0.21202,0.27393,-0.27393,0.93809,0.21202,-0.21202,-0.27393,0.93809,413.99,-340.47,65.494,0
0.94233,0.20605,0.26372,-0.26372,0.94233,0.20605,-0.20605,-0.26372,0.94233,415.35,-339.27,64.621,0
0.94637,0.20006,0.25368,-0.25368,0.94637,0.20006,-0.20006,-0.25368,0.94637,416.69,-338.07,63.785,0
0.95021,0.19404,0.24382,-0.24382,0.95021,0.19404,-0.19404,-0.24382,0.95021,418,-336.88,62.983,0
0.95385,0.188,0.23415,-0.23415,0.95385,0.188,-0.188,-0.23415,0.95385,419.29,-335.69,62.217,0
0.95729,0.18197,0.22467,-0.22467,0.95729,0.18197,-0.18197,-0.22467,0.95729,420.55,-334.5,61.484,0
0.96055,0.17594,0.21539,-0.21539,0.96055,0.17594,-0.17594,-0.21539,0.96055,421.78,-333.31,60.784,0
0.96362,0.16992,0.2063,-0.2063,0.96362,0.16992,-0.16992,-0.2063,0.96362,422.99,-332.14,60.117,0
0.96652,0.16393,0.19741,-0.19741,0.96652,0.16393,-0.16393,-0.19741,0.96652,424.17,-330.97,59.481,0
0.96924,0.15796,0.18872,-0.18872,0.96924,0.15796,-0.15796,-0.18872,0.96924,425.32,-329.81,58.876,0
0.9718,0.15204,0.18024,-0.18024,0.9718,0.15204,-0.15204,-0.18024,0.9718,426.44,-328.66,58.301,0
0.9742,0.14617,0.17197,-0.17197,0.9742,0.14617,-0.14617,-0.17197,0.9742,427.54,-327.53,57.755,0
0.97644,0.14035,0.1639,-0.1639,0.97644,0.14035,-0.14035,-0.1639,0.97644,428.6,-326.41,57.236,0
0.97854,0.13459,0.15605,-0.15605,0.97854,0.13459,-0.13459,-0.15605,0.97854,429.64,-325.3,56.745,0
0.98049,0.1289,0.14841,-0.14841,0.98049,0.1289,-0.1289,-0.14841,0.98049,430.65,-324.21,56.281,0
0.98231,0.12329,0.14098,-0.14098,0.98231,0.12329,-0.12329,-0.14098,0.98231,431.63,-323.13,55.841,0
0.98399,0.11776,0.13377,-0.13377,0.98399,0.11776,-0.11776,-0.13377,0.98399,432.58,-322.08,55.426,0
0.98555,0.11232,0.12677,-0.12677,0.98555,0.11232,-0.11232,-0.12677,0.98555,433.5,-321.04,55.035,0
0.987,0.10697,0.11998,-0.11998,0.987,0.10697,-0.10697,-0.11998,0.987,434.39,-320.03,54.666,0
0.98833,0.10173,0.1134,-0.1134,0.98833,0.10173,-0.10173,-0.1134,0.98833,435.26,-319.03,54.318,0
0.98955,0.096595,0.10704,-0.10704,0.98955,0.096595,-0.096595,-0.10704,0.98955,436.09,-318.06,53.992,0
0.99067,0.091571,0.1009,-0.1009,0.99067,0.091571,-0.091571,-0.1009,0.99067,436.9,-317.11,53.685,0
0.9917,0.086663,0.094961,-0.094961,0.9917,0.086663,-0.086663,-0.094961,0.9917,437.68,-316.18,53.398,0
0.99264,0.081875,0.089236,-0.089236,0.99264,0.081875,-0.081875,-0.089236,0.99264,438.43,-315.28,53.128,0
0.99349,0.077213,0.08372,-0.08372,0.99349,0.077213,-0.077213,-0.08372,0.99349,439.15,-314.4,52.876,0
0.99427,0.07268,0.078412,-0.078412,0.99427,0.07268,-0.07268,-0.078412,0.99427,439.84,-313.55,52.64,0
0.99497,0.06828,0.073311,-0.073311,0.99497,0.06828,-0.06828,-0.073311,0.99497,440.51,-312.72,52.42,0
0.9956,0.064014,0.068413,-0.068413,0.9956,0.064014,-0.064014,-0.068413,0.9956,441.14,-311.92,52.215,0
0.99617,0.059887,0.063718,-0.063718,0.99617,0.059887,-0.059887,-0.063718,0.99617,441.76,-311.15,52.024,0
0.99668,0.055901,0.059223,-0.059223,0.99668,0.055901,-0.055901,-0.059223,0.99668,442.34,-310.4,51.846,0
0.99713,0.052058,0.054925,-0.054925,0.99713,0.052058,-0.052058,-0.054925,0.99713,442.9,-309.68,51.681,0
0.99754,0.048359,0.050823,-0.050823,0.99754,0.048359,-0.048359,-0.050823,0.99754,443.43,-308.99,51.528,0
0.99789,0.044807,0.046913,-0.046913,0.99789,0.044807,-0.044807,-0.046913,0.99789,443.94,-308.33,51.385,0
0.99821,0.041402,0.043193,-0.043193,0.99821,0.041402,-0.041402,-0.043193,0.99821,444.42,-307.69,51.254,0
0.99848,0.038145,0.03966,-0.03966,0.99848,0.038145,-0.038145,-0.03966,0.99848,444.88,-307.08,51.132,0
0.99873,0.035036,0.03631,-0.03631,0.99873,0.035036,-0.035036,-0.03631,0.99873,445.32,-306.5,51.02,0
0.99894,0.032076,0.03314,-0.03314,0.99894,0.032076,-0.032076,-0.03314,0.99894,445.73,-305.95,50.917,0
0.99912,0.029264,0.030147,-0.030147,0.99912,0.029264,-0.029264,-0.030147,0.99912,446.11,-305.43,50.822,0
0.99927,0.026601,0.027328,-0.027328,0.99927,0.026601,-0.026601,-0.027328,0.99927,446.48,-304.93,50.734,0
0.99941,0.024084,0.024679,-0.024679,0.99941,0.024084,-0.024084,-0.024679,0.99941,446.82,-304.47,50.654,0
0.99952,0.021713,0.022195,-0.022195,0.99952,0.021713,-0.021713,-0.022195,0.99952,447.14,-304.02,50.58,0
0.99961,0.019487,0.019874,-0.019874,0.99961,0.019487,-0.019487,-0.019874,0.99961,447.44,-303.61,50.513,0
0.99969,0.017403,0.017711,-0.017711,0.99969,0.017403,-0.017403,-0.017711,0.99969,447.72,-303.22,50.452,0
0.99976,0.015459,0.015702,-0.015702,0.99976,0.015459,-0.015459,-0.015702,0.99976,447.98,-302.86,50.396,0
0.99981,0.013653,0.013842,-0.013842,0.99981,0.013653,-0.013653,-0.013842,0.99981,448.22,-302.53,50.346,0
0.99985,0.011982,0.012127,-0.012127,0.99985,0.011982,-0.011982,-0.012127,0.99985,448.44,-302.22,50.3,0
0.99989,0.010443,0.010554,-0.010554,0.99989,0.010443,-0.010443,-0.010554,0.99989,448.64,-301.93,50.259,0
0.99992,0.0090332,0.0091155,-0.0091155,0.99992,0.0090332,-0.0090332,-0.0091155,0.99992,448.83,-301.67,50.221,0
0.99994,0.0077479,0.0078084,-0.0078084,0.99994,0.0077479,-0.0077479,-0.0078084,0.99994,449,-301.43,50.188,0
0.99996,0.0065836,0.0066272,-0.0066272,0.99996,0.0065836,-0.0065836,-0.0066272,0.99996,449.15,-301.22,50.159,0
0.99997,0.0055358,0.0055666,-0.0055666,0.99997,0.0055358,-0.0055358,-0.0055666,0.99997,449.28,-301.02,50.132,0
0.99998,0.0046001,0.0046213,-0.0046213,0.99998,0.0046001,-0.0046001,-0.0046213,0.99998,449.41,-300.85,50.109,0
0.99999,0.0037714,0.0037857,-0.0037857,0.99999,0.0037714,-0.0037714,-0.0037857,0.99999,449.51,-300.7,50.089,0
0.99999,0.0030447,0.003054,-0.003054,0.99999,0.0030447,-0.0030447,-0.003054,0.99999,449.61,-300.56,50.072,0
0.99999,0.0024145,0.0024203,-0.0024203,0.99999,0.0024145,-0.0024145,-0.0024203,0.99999,449.69,-300.45,50.056,0
1,0.0018749,0.0018785,-0.0018785,1,0.0018749,-0.0018749,-0.0018785,1,449.76,-300.35,50.044,0
1,0.0014201,0.0014221,-0.0014221,1,0.0014201,-0.0014201,-0.0014221,1,449.82,-300.26,50.033,0
1,0.0010435,0.0010446,-0.0010446,1,0.0010435,-0.0010435,-0.0010446,1,449.87,-300.19,50.024,0
1,0.00073873,0.00073927,-0.00073927,1,0.00073873,-0.00073873,-0.00073927,1,449.91,-300.14,50.017,0
1,0.0004988,0.00049904,-0.00049904,1,0.0004988,-0.0004988,-0.00049904,1,449.94,-300.09,50.012,0
1,0.00031657,0.00031667,-0.00031667,1,0.00031657,-0.00031657,-0.00031667,1,449.96,-300.06,50.007,0
1,0.00018463,0.00018466,-0.00018466,1,0.00018463,-0.00018463,-0.00018466,1,449.98,-300.03,50.004,0
1,9.526e-05,9.5269e-05,-9.5269e-05,1,9.526e-05,-9.526e-05,-9.5269e-05,1,449.99,-300.02,50.002,0
1,4.0497e-05,4.0498e-05,-4.0498e-05,1,4.0497e-05,-4.0497e-05,-4.0498e-05,1,449.99,-300.01,50.001,0
1,1.2091e-05,1.2091e-05,-1.2091e-05,1,1.2091e-05,-1.2091e-05,-1.2091e-05,1,450,-300,50,0
1,1.5229e-06,1.5229e-06,-1.5229e-06,1,1.5229e-06,-1.5229e-06,-1.5229e-06,1,450,-300,50,0
1,-3.8858e-16,-2.2204e-16,2.2204e-16,1,-3.8858e-16,3.8858e-16,2.2204e-16,1,450,-300,50,0
1,0,0,0,1,0,0,0,1,450,-300,50,0
1,0,0,0,1,0,0,0,1,450,-300,50,0
1,0,0,0,1,0,0,0,1,450,-300,50,0
1,0,0,0,1,0,0,0,1,450,-300,49.999,0
1,0,0,0,1,0,0,0,1,450,-300,49.997,0
1,0,0,0,1,0,0,0,1,450,-300,49.994,0
1,0,0,0,1,0,0,0,1,450,-300,49.99,0
1,0,0,0,1,0,0,0,1,450,-300,49.983,0
1,0,0,0,1,0,0,0,1,450,-300,49.976,0
1,0,0,0,1,0,0,0,1,450,-300,49.965,0
1,0,0,0,1,0,0,0,1,450,-300,49.953,0
1,0,0,0,1,0,0,0,1,450,-300,49.938,0
1,0,0,0,1,0,0,0,1,450,-300,49.92,0
1,0,0,0,1,0,0,0,1,450,-300,49.899,0
1,0,0,0,1,0,0,0,1,450,-300,49.875,0
1,0,0,0,1,0,0,0,1,450,-300,49.847,0
1,0,0,0,1,0,0,0,1,450,-300,49.816,0
1,0,0,0,1,0,0,0,1,450,-300,49.781,0
1,0,0,0,1,0,0,0,1,450,-300,49.743,0
1,0,0,0,1,0,0,0,1,450,-300,49.7,0
1,0,0,0,1,0,0,0,1,450,-300,49.653,0
1,0,0,0,1,0,0,0,1,450,-300,49.601,0
1,0,0,0,1,0,0,0,1,450,-300,49.545,0
1,0,0,0,1,0,0,0,1,450,-300,49.485,0
1,0,0,0,1,0,0,0,1,450,-300,49.419,0
1,0,0,0,1,0,0,0,1,450,-300,49.349,0
1,0,0,0,1,0,0,0,1,450,-300,49.274,0
1,0,0,0,1,0,0,0,1,450,-300,49.193,0
1,0,0,0,1,0,0,0,1,450,-300,49.108,0
1,0,0,0,1,0,0,0,1,450,-300,49.017,0
1,0,0,0,1,0,0,0,1,450,-300,48.921,0
1,0,0,0,1,0,0,0,1,450,-300,48.819,0
1,0,0,0,1,0,0,0,1,450,-300,48.712,0
1,0,0,0,1,0,0,0,1,450,-300,48.6,0
1,0,0,0,1,0,0,0,1,450,-300,48.481,0
1,0,0,0,1,0,0,0,1,450,-300,48.358,0
1,0,0,0,1,0,0,0,1,450,-300,48.228,0
1,0,0,0,1,0,0,0,1,450,-300,48.093,0
1,0,0,0,1,0,0,0,1,450,-300,47.952,0
1,0,0,0,1,0,0,0,1,450,-300,47.805,0
1,0,0,0,1,0,0,0,1,450,-300,47.652,0
1,0,0,0,1,0,0,0,1,450,-300,47.494,0
1,0,0,0,1,0,0,0,1,450,-300,47.329,0
1,0,0,0,1,0,0,0,1,450,-300,47.159,0
1,0,0,0,1,0,0,0,1,450,-300,46.983,0
1,0,0,0,1,0,0,0,1,450,-300,46.802,0
1,0,0,0,1,0,0,0,1,450,-300,46.614,0
1,0,0,0,1,0,0,0,1,450,-300,46.421,0
1,0,0,0,1,0,0,0,1,450,-300,46.222,0
1,0,0,0,1,0,0,0,1,450,-300,46.017,0
1,0,0,0,1,0,0,0,1,450,-300,45.806,0
1,0,0,0,1,0,0,0,1,450,-300,45.59,0
1,0,0,0,1,0,0,0,1,450,-300,45.368,0
1,0,0,0,1,0,0,0,1,450,-300,45.141,0
1,0,0,0,1,0,0,0,1,450,-300,44.908,0
1,0,0,0,1,0,0,0,1,450,-300,44.669,0
1,0,0,0,1,0,0,0,1,450,-300,44.425,0
1,0,0,0,1,0,0,0,1,450,-300,44.176,0
1,0,0,0,1,0,0,0,1,450,-300,43.921,0
1,0,0,0,1,0,0,0,1,450,-300,43.662,0
1,0,0,0,1,0,0,0,1,450,-300,43.397,0
1,0,0,0,1,0,0,0,1,450,-300,43.127,0
1,0,0,0,1,0,0,0,1,450,-300,42.852,0
1,0,0,0,1,0,0,0,1,450,-300,42.572,0
1,0,0,0,1,0,0,0,1,450,-300,42.287,0
1,0,0,0,1,0,0,0,1,450,-300,41.998,0
1,0,0,0,1,0,0,0,1,450,-300,41.704,0
1,0,0,0,1,0,0,0,1,450,-300,41.405,0
1,0,0,0,1,0,0,0,1,450,-300,41.102,0
1,0,0,0,1,0,0,0,1,450,-300,40.795,0
1,0,0,0,1,0,0,0,1,450,-300,40.484,0
1,0,0,0,1,0,0,0,1,450,-300,40.168,0
1,0,0,0,1,0,0,0,1,450,-300,39.849,0
1,0,0,0,1,0,0,0,1,450,-300,39.525,0
1,0,0,0,1,0,0,0,1,450,-300,39.198,0
1,0,0,0,1,0,0,0,1,450,-300,38.867,0
1,0,0,0,1,0,0,0,1,450,-300,38.533,0
1,0,0,0,1,0,0,0,1,450,-300,38.195,0
1,0,0,0,1,0,0,0,1,450,-300,37.854,0
1,0,0,0,1,0,0,0,1,450,-300,37.51,0
1,0,0,0,1,0,0,0,1,450,-300,37.163,0
1,0,0,0,1,0,0,0,1,450,-300,36.813,0
1,0,0,0,1,0,0,0,1,450,-300,36.461,0
1,0,0,0,1,0,0,0,1,450,-300,36.106,0
1,0,0,0,1,0,0,0,1,450,-300,35.748,0
1,0,0,0,1,0,0,0,1,450,-300,35.388,0
1,0,0,0,1,0,0,0,1,450,-300,35.026,0
1,0,0,0,1,0,0,0,1,450,-300,34.662,0
1,0,0,0,1,0,0,0,1,450,-300,34.296,0
1,0,0,0,1,0,0,0,1,450,-300,33.928,0
1,0,0,0,1,0,0,0,1,450,-300,33.559,0
1,0,0,0,1,0,0,0,1,450,-300,33.188,0
1,0,0,0,1,0,0,0,1,450,-300,32.816,0
1,0,0,0,1,0,0,0,1,450,-300,32.443,0
1,0,0,0,1,0,0,0,1,450,-300,32.069,0
1,0,0,0,1,0,0,0,1,450,-300,31.694,0
1,0,0,0,1,0,0,0,1,450,-300,31.318,0
1,0,0,0,1,0,0,0,1,450,-300,30.942,0
1,0,0,0,1,0,0,0,1,450,-300,30.565,0
1,0,0,0,1,0,0,0,1,450,-300,30.188,0
1,0,0,0,1,0,0,0,1,450,-300,29.812,0
1,0,0,0,1,0,0,0,1,450,-300,29.435,0
1,0,0,0,1,0,0,0,1,450,-300,29.058,0
1,0,0,0,1,0,0,0,1,450,-300,28.682,0
1,0,0,0,1,0,0,0,1,450,-300,28.306,0
1,0,0,0,1,0,0,0,1,450,-300,27.931,0
1,0,0,0,1,0,0,0,1,450,-300,27.557,0
1,0,0,0,1,0,0,0,1,450,-300,27.184,0
1,0,0,0,1,0,0,0,1,450,-300,26.812,0
1,0,0,0,1,0,0,0,1,450,-300,26.441,0
1,0,0,0,1,0,0,0,1,450,-300,26.072,0
1,0,0,0,1,0,0,0,1,450,-300,25.704,0
1,0,0,0,1,0,0,0,1,450,-300,25.338,0
1,0,0,0,1,0,0,0,1,450,-300,24.974,0
1,0,0,0,1,0,0,0,1,450,-300,24.612,0
1,0,0,0,1,0,0,0,1,450,-300,24.252,0
1,0,0,0,1,0,0,0,1,450,-300,23.894,0
1,0,0,0,1,0,0,0,1,450,-300,23.539,0
1,0,0,0,1,0,0,0,1,450,-300,23.187,0
1,0,0,0,1,0,0,0,1,450,-300,22.837,0
1,0,0,0,1,0,0,0,1,450,-300,22.49,0
1,0,0,0,1,0,0,0,1,450,-300,22.146,0
1,0,0,0,1,0,0,0,1,450,-300,21.805,0
1,0,0,0,1,0,0,0,1,450,-300,21.467,0
1,0,0,0,1,0,0,0,1,450,-300,21.133,0
1,0,0,0,1,0,0,0,1,450,-300,20.802,0
1,0,0,0,1,0,0,0,1,450,-300,20.475,0
1,0,0,0,1,0,0,0,1,450,-300,20.151,0
1,0,0,0,1,0,0,0,1,450,-300,19.832,0
1,0,0,0,1,0,0,0,1,450,-300,19.516,0
1,0,0,0,1,0,0,0,1,450,-300,19.205,0
1,0,0,0,1,0,0,0,1,450,-300,18.898,0
1,0,0,0,1,0,0,0,1,450,-300,18.595,0
1,0,0,0,1,0,0,0,1,450,-300,18.296,0
1,0,0,0,1,0,0,0,1,450,-300,18.002,0
1,0,0,0,1,0,0,0,1,450,-300,17.713,0
1,0,0,0,1,0,0,0,1,450,-300,17.428,0
1,0,0,0,1,0,0,0,1,450,-300,17.148,0
1,0,0,0,1,0,0,0,1,450,-300,16.873,0
1,0,0,0,1,0,0,0,1,450,-300,16.603,0
1,0,0,0,1,0,0,0,1,450,-300,16.338,0
1,0,0,0,1,0,0,0,1,450,-300,16.079,0
1,0,0,0,1,0,0,0,1,450,-300,15.824,0
1,0,0,0,1,0,0,0,1,450,-300,15.575,0
1,0,0,0,1,0,0,0,1,450,-300,15.331,0
1,0,0,0,1,0,0,0,1,450,-300,15.092,0
1,0,0,0,1,0,0,0,1,450,-300,14.859,0
1,0,0,0,1,0,0,0,1,450,-300,14.632,0
1,0,0,0,1,0,0,0,1,450,-300,14.41,0
1,0,0,0,1,0,0,0,1,450,-300,14.194,0
1,0,0,0,1,0,0,0,1,450,-300,13.983,0
1,0,0,0,1,0,0,0,1,450,-300,13.778,0
1,0,0,0,1,0,0,0,1,450,-300,13.579,0
1,0,0,0,1,0,0,0,1,450,-300,13.386,0
1,0,0,0,1,0,0,0,1,450,-300,13.198,0
1,0,0,0,1,0,0,0,1,450,-300,13.017,0
1,0,0,0,1,0,0,0,1,450,-300,12.841,0
1,0,0,0,1,0,0,0,1,450,-300,12.671,0
1,0,0,0,1,0,0,0,1,450,-300,12.506,0
1,0,0,0,1,0,0,0,1,450,-300,12.348,0
1,0,0,0,1,0,0,0,1,450,-300,12.195,0
1,0,0,0,1,0,0,0,1,450,-300,12.048,0
1,0,0,0,1,0,0,0,1,450,-300,11.907,0
1,0,0,0,1,0,0,0,1,450,-300,11.772,0
1,0,0,0,1,0,0,0,1,450,-300,11.642,0
1,0,0,0,1,0,0,0,1,450,-300,11.519,0
1,0,0,0,1,0,0,0,1,450,-300,11.4,0
1,0,0,0,1,0,0,0,1,450,-300,11.288,0
1,0,0,0,1,0,0,0,1,450,-300,11.181,0
1,0,0,0,1,0,0,0,1,450,-300,11.079,0
1,0,0,0,1,0,0,0,1,450,-300,10.983,0
1,0,0,0,1,0,0,0,1,450,-300,10.892,0
1,0,0,0,1,0,0,0,1,450,-300,10.807,0
1,0,0,0,1,0,0,0,1,450,-300,10.726,0
1,0,0,0,1,0,0,0,1,450,-300,10.651,0
1,0,0,0,1,0,0,0,1,450,-300,10.581,0
1,0,0,0,1,0,0,0,1,450,-300,10.515,0
1,0,0,0,1,0,0,0,1,450,-300,10.455,0
1,0,0,0,1,0,0,0,1,450,-300,10.399,0
1,0,0,0,1,0,0,0,1,450,-300,10.347,0
1,0,0,0,1,0,0,0,1,450,-300,10.3,0
1,0,0,0,1,0,0,0,1,450,-300,10.257,0
1,0,0,0,1,0,0,0,1,450,-300,10.219,0
1,0,0,0,1,0,0,0,1,450,-300,10.184,0
1,0,0,0,1,0,0,0,1,450,-300,10.153,0
1,0,0,0,1,0,0,0,1,450,-300,10.125,0
1,0,0,0,1,0,0,0,1,450,-300,10.101,0
1,0,0,0,1,0,0,0,1,450,-300,10.08,0
1,0,0,0,1,0,0,0,1,450,-300,10.062,0
1,0,0,0,1,0,0,0,1,450,-300,10.047,0
1,0,0,0,1,0,0,0,1,450,-300,10.035,0
1,0,0,0,1,0,0,0,1,450,-300,10.024,0
1,0,0,0,1,0,0,0,1,450,-300,10.017,0
1,0,0,0,1,0,0,0,1,450,-300,10.01,0
1,0,0,0,1,0,0,0,1,450,-300,10.006,0
1,0,0,0,1,0,0,0,1,450,-300,10.003,0
1,0,0,0,1,0,0,0,1,450,-300,10.001,0
1,0,0,0,1,0,0,0,1,450,-300,10,0
1,0,0,0,1,0,0,0,1,450,-300,10,0
1,0,0,0,1,0,0,0,1,450,-300,10,0
1,0,0,0,1,0,0,0,1,450,-300,10,1
1,0,0,0,1,0,0,0,1,450,-300,10,1
1,0,0,0,1,0,0,0,1,450,-300,10,1
1,0,0,0,1,0,0,0,1,450,-300,10,1
1,0,0,0,1,0,0,0,1,450,-300,10.001,1
1,0,0,0,1,0,0,0,1,450,-300,10.003,1
1,0,0,0,1,0,0,0,1,450,-300,10.006,1
1,0,0,0,1,0,0,0,1,450,-300,10.01,1
1,0,0,0,1,0,0,0,1,450,-300,10.017,1
1,0,0,0,1,0,0,0,1,450,-300,10.024,1
1,0,0,0,1,0,0,0,1,450,-300,10.035,1
1,0,0,0,1,0,0,0,1,450,-300,10.047,1
1,0,0,0,1,0,0,0,1,450,-300,10.062,1
1,0,0,0,1,0,0,0,1,450,-300,10.08,1
1,0,0,0,1,0,0,0,1,450,-300,10.101,1
1,0,0,0,1,0,0,0,1,450,-300,10.125,1
1,0,0,0,1,0,0,0,1,450,-300,10.153,1
1,0,0,0,1,0,0,0,1,450,-300,10.184,1
1,0,0,0,1,0,0,0,1,450,-300,10.219,1
1,0,0,0,1,0,0,0,1,450,-300,10.257,1
1,0,0,0,1,0,0,0,1,450,-300,10.3,1
1,0,0,0,1,0,0,0,1,450,-300,10.347,1
1,0,0,0,1,0,0,0,1,450,-300,10.399,1
1,0,0,0,1,0,0,0,1,450,-300,10.455,1
1,0,0,0,1,0,0,0,1,450,-300,10.515,1
1,0,0,0,1,0,0,0,1,450,-300,10.581,1
1,0,0,0,1,0,0,0,1,450,-300,10.651,1
1,0,0,0,1,0,0,0,1,450,-300,10.726,1
1,0,0,0,1,0,0,0,1,450,-300,10.807,1
1,0,0,0,1,0,0,0,1,450,-300,10.892,1
1,0,0,0,1,0,0,0,1,450,-300,10.983,1
1,0,0,0,1,0,0,0,1,450,-300,11.079,1
1,0,0,0,1,0,0,0,1,450,-300,11.181,1
1,0,0,0,1,0,0,0,1,450,-300,11.288,1
1,0,0,0,1,0,0,0,1,450,-300,11.4,1
1,0,0,0,1,0,0,0,1,450,-300,11.519,1
1,0,0,0,1,0,0,0,1,450,-300,11.642,1
1,0,0,0,1,0,0,0,1,450,-300,11.772,1
1,0,0,0,1,0,0,0,1,450,-300,11.907,1
1,0,0,0,1,0,0,0,1,450,-300,12.048,1
1,0,0,0,1,0,0,0,1,450,-300,12.195,1
1,0,0,0,1,0,0,0,1,450,-300,12.348,1
1,0,0,0,1,0,0,0,1,450,-300,12.506,1
1,0,0,0,1,0,0,0,1,450,-300,12.671,1
1,0,0,0,1,0,0,0,1,450,-300,12.841,1
1,0,0,0,1,0,0,0,1,450,-300,13.017,1
1,0,0,0,1,0,0,0,1,450,-300,13.198,1
1,0,0,0,1,0,0,0,1,450,-300,13.386,1
1,0,0,0,1,0,0,0,1,450,-300,13.579,1
1,0,0,0,1,0,0,0,1,450,-300,13.778,1
1,0,0,0,1,0,0,0,1,450,-300,13.983,1
1,0,0,0,1,0,0,0,1,450,-300,14.194,1
1,0,0,0,1,0,0,0,1,450,-300,14.41,1
1,0,0,0,1,0,0,0,1,450,-300,14.632,1
1,0,0,0,1,0,0,0,1,450,-300,14.859,1
1,0,0,0,1,0,0,0,1,450,-300,15.092,1
1,0,0,0,1,0,0,0,1,450,-300,15.331,1
1,0,0,0,1,0,0,0,1,450,-300,15.575,1
1,0,0,0,1,0,0,0,1,450,-300,15.824,1
1,0,0,0,1,0,0,0,1,450,-300,16.079,1
1,0,0,0,1,0,0,0,1,450,-300,16.338,1
1,0,0,0,1,0,0,0,1,450,-300,16.603,1
1,0,0,0,1,0,0,0,1,450,-300,16.873,1
1,0,0,0,1,0,0,0,1,450,-300,17.148,1
1,0,0,0,1,0,0,0,1,450,-300,17.428,1
1,0,0,0,1,0,0,0,1,450,-300,17.713,1
1,0,0,0,1,0,0,0,1,450,-300,18.002,1
1,0,0,0,1,0,0,0,1,450,-300,18.296,1
1,0,0,0,1,0,0,0,1,450,-300,18.595,1
1,0,0,0,1,0,0,0,1,450,-300,18.898,1
1,0,0,0,1,0,0,0,1,450,-300,19.205,1
1,0,0,0,1,0,0,0,1,450,-300,19.516,1
1,0,0,0,1,0,0,0,1,450,-300,19.832,1
1,0,0,0,1,0,0,0,1,450,-300,20.151,1
1,0,0,0,1,0,0,0,1,450,-300,20.475,1
1,0,0,0,1,0,0,0,1,450,-300,20.802,1
1,0,0,0,1,0,0,0,1,450,-300,21.133,1
1,0,0,0,1,0,0,0,1,450,-300,21.467,1
1,0,0,0,1,0,0,0,1,450,-300,21.805,1
1,0,0,0,1,0,0,0,1,450,-300,22.146,1
1,0,0,0,1,0,0,0,1,450,-300,22.49,1
1,0,0,0,1,0,0,0,1,450,-300,22.837,1
1,0,0,0,1,0,0,0,1,450,-300,23.187,1
1,0,0,0,1,0,0,0,1,450,-300,23.539,1
1,0,0,0,1,0,0,0,1,450,-300,23.894,1
1,0,0,0,1,0,0,0,1,450,-300,24.252,1
1,0,0,0,1,0,0,0,1,450,-300,24.612,1
1,0,0,0,1,0,0,0,1,450,-300,24.974,1
1,0,0,0,1,0,0,0,1,450,-300,25.338,1
1,0,0,0,1,0,0,0,1,450,-300,25.704,1
1,0,0,0,1,0,0,0,1,450,-300,26.072,1
1,0,0,0,1,0,0,0,1,450,-300,26.441,1
1,0,0,0,1,0,0,0,1,450,-300,26.812,1
1,0,0,0,1,0,0,0,1,450,-300,27.184,1
1,0,0,0,1,0,0,0,1,450,-300,27.557,1
1,0,0,0,1,0,0,0,1,450,-300,27.931,1
1,0,0,0,1,0,0,0,1,450,-300,28.306,1
1,0,0,0,1,0,0,0,1,450,-300,28.682,1
1,0,0,0,1,0,0,0,1,450,-300,29.058,1
1,0,0,0,1,0,0,0,1,450,-300,29.435,1
1,0,0,0,1,0,0,0,1,450,-300,29.812,1
1,0,0,0,1,0,0,0,1,450,-300,30.188,1
1,0,0,0,1,0,0,0,1,450,-300,30.565,1
1,0,0,0,1,0,0,0,1,450,-300,30.942,1
1,0,0,0,1,0,0,0,1,450,-300,31.318,1
1,0,0,0,1,0,0,0,1,450,-300,31.694,1
1,0,0,0,1,0,0,0,1,450,-300,32.069,1
1,0,0,0,1,0,0,0,1,450,-300,32.443,1
1,0,0,0,1,0,0,0,1,450,-300,32.816,1
1,0,0,0,1,0,0,0,1,450,-300,33.188,1
1,0,0,0,1,0,0,0,1,450,-300,33.559,1
1,0,0,0,1,0,0,0,1,450,-300,33.928,1
1,0,0,0,1,0,0,0,1,450,-300,34.296,1
1,0,0,0,1,0,0,0,1,450,-300,34.662,1
1,0,0,0,1,0,0,0,1,450,-300,35.026,1
1,0,0,0,1,0,0,0,1,450,-300,35.388,1
1,0,0,0,1,0,0,0,1,450,-300,35.748,1
1,0,0,0,1,0,0,0,1,450,-300,36.106,1
1,0,0,0,1,0,0,0,1,450,-300,36.461,1
1,0,0,0,1,0,0,0,1,450,-300,36.813,1
1,0,0,0,1,0,0,0,1,450,-300,37.163,1
1,0,0,0,1,0,0,0,1,450,-300,37.51,1
1,0,0,0,1,0,0,0,1,450,-300,37.854,1
1,0,0,0,1,0,0,0,1,450,-300,38.195,1
1,0,0,0,1,0,0,0,1,450,-300,38.533,1
1,0,0,0,1,0,0,0,1,450,-300,38.867,1
1,0,0,0,1,0,0,0,1,450,-300,39.198,1
1,0,0,0,1,0,0,0,1,450,-300,39.525,1
1,0,0,0,1,0,0,0,1,450,-300,39.849,1
1,0,0,0,1,0,0,0,1,450,-300,40.168,1
1,0,0,0,1,0,0,0,1,450,-300,40.484,1
1,0,0,0,1,0,0,0,1,450,-300,40.795,1
1,0,0,0,1,0,0,0,1,450,-300,41.102,1
1,0,0,0,1,0,0,0,1,450,-300,41.405,1
1,0,0,0,1,0,0,0,1,450,-300,41.704,1
1,0,0,0,1,0,0,0,1,450,-300,41.998,1
1,0,0,0,1,0,0,0,1,450,-300,42.287,1
1,0,0,0,1,0,0,0,1,450,-300,42.572,1
1,0,0,0,1,0,0,0,1,450,-300,42.852,1
1,0,0,0,1,0,0,0,1,450,-300,43.127,1
1,0,0,0,1,0,0,0,1,450,-300,43.397,1
1,0,0,0,1,0,0,0,1,450,-300,43.662,1
1,0,0,0,1,0,0,0,1,450,-300,43.921,1
1,0,0,0,1,0,0,0,1,450,-300,44.176,1
1,0,0,0,1,0,0,0,1,450,-300,44.425,1
1,0,0,0,1,0,0,0,1,450,-300,44.669,1
1,0,0,0,1,0,0,0,1,450,-300,44.908,1
1,0,0,0,1,0,0,0,1,450,-300,45.141,1
1,0,0,0,1,0,0,0,1,450,-300,45.368,1
1,0,0,0,1,0,0,0,1,450,-300,45.59,1
1,0,0,0,1,0,0,0,1,450,-300,45.806,1
1,0,0,0,1,0,0,0,1,450,-300,46.017,1
1,0,0,0,1,0,0,0,1,450,-300,46.222,1
1,0,0,0,1,0,0,0,1,450,-300,46.421,1
1,0,0,0,1,0,0,0,1,450,-300,46.614,1
1,0,0,0,1,0,0,0,1,450,-300,46.802,1
1,0,0,0,1,0,0,0,1,450,-300,46.983,1
1,0,0,0,1,0,0,0,1,450,-300,47.159,1
1,0,0,0,1,0,0,0,1,450,-300,47.329,1
1,0,0,0,1,0,0,0,1,450,-300,47.494,1
1,0,0,0,1,0,0,0,1,450,-300,47.652,1
1,0,0,0,1,0,0,0,1,450,-300,47.805,1
1,0,0,0,1,0,0,0,1,450,-300,47.952,1
1,0,0,0,1,0,0,0,1,450,-300,48.093,1
1,0,0,0,1,0,0,0,1,450,-300,48.228,1
1,0,0,0,1,0,0,0,1,450,-300,48.358,1
1,0,0,0,1,0,0,0,1,450,-300,48.481,1
1,0,0,0,1,0,0,0,1,450,-300,48.6,1
1,0,0,0,1,0,0,0,1,450,-300,48.712,1
1,0,0,0,1,0,0,0,1,450,-300,48.819,1
1,0,0,0,1,0,0,0,1,450,-300,48.921,1
1,0,0,0,1,0,0,0,1,450,-300,49.017,1
1,0,0,0,1,0,0,0,1,450,-300,49.108,1
1,0,0,0,1,0,0,0,1,450,-300,49.193,1
1,0,0,0,1,0,0,0,1,450,-300,49.274,1
1,0,0,0,1,0,0,0,1,450,-300,49.349,1
1,0,0,0,1,0,0,0,1,450,-300,49.419,1
1,0,0,0,1,0,0,0,1,450,-300,49.485,1
1,0,0,0,1,0,0,0,1,450,-300,49.545,1
1,0,0,0,1,0,0,0,1,450,-300,49.601,1
1,0,0,0,1,0,0,0,1,450,-300,49.653,1
1,0,0,0,1,0,0,0,1,450,-300,49.7,1
1,0,0,0,1,0,0,0,1,450,-300,49.743,1
1,0,0,0,1,0,0,0,1,450,-300,49.781,1
1,0,0,0,1,0,0,0,1,450,-300,49.816,1
1,0,0,0,1,0,0,0,1,450,-300,49.847,1
1,0,0,0,1,0,0,0,1,450,-300,49.875,1
1,0,0,0,1,0,0,0,1,450,-300,49.899,1
1,0,0,0,1,0,0,0,1,450,-300,49.92,1
1,0,0,0,1,0,0,0,1,450,-300,49.938,1
1,0,0,0,1,0,0,0,1,450,-300,49.953,1
1,0,0,0,1,0,0,0,1,450,-300,49.965,1
1,0,0,0,1,0,0,0,1,450,-300,49.976,1
1,0,0,0,1,0,0,0,1,450,-300,49.983,1
1,0,0,0,1,0,0,0,1,450,-300,49.99,1
1,0,0,0,1,0,0,0,1,450,-300,49.994,1
1,0,0,0,1,0,0,0,1,450,-300,49.997,1
1,0,0,0,1,0,0,0,1,450,-300,49.999,1
1,0,0,0,1,0,0,0,1,450,-300,50,1
1,0,0,0,1,0,0,0,1,450,-300,50,1
1,0,0,0,1,0,0,0,1,450,-300,50,1
1,0,0,0,1,0,0,0,1,450,-300,50,1
1,-1.9783e-06,0,1.9783e-06,1,0,0,0,1,450,-300,50,1
1,-1.5707e-05,0,1.5707e-05,1,0,0,0,1,450,-299.99,50,1
1,-5.2608e-05,0,5.2608e-05,1,0,0,0,1,450,-299.98,50,1
1,-0.00012375,0,0.00012375,1,0,0,0,1,450,-299.95,50,1
1,-0.00023986,0,0.00023986,1,0,0,0,1,449.99,-299.9,50,1
1,-0.0004113,0,0.0004113,1,0,0,0,1,449.99,-299.83,50,1
1,-0.00064812,0,0.00064812,1,0,0,0,1,449.98,-299.72,50,1
1,-0.00095999,0,0.00095999,1,0,0,0,1,449.98,-299.59,50,1
1,-0.0013563,0,0.0013563,1,0,0,0,1,449.97,-299.42,50,1
1,-0.001846,0,0.001846,1,0,0,0,1,449.95,-299.22,50,1
1,-0.0024379,0,0.0024379,1,0,0,0,1,449.94,-298.96,50,1
1,-0.0031403,0,0.0031403,1,0,0,0,1,449.92,-298.67,50,1
0.99999,-0.0039612,0,0.0039612,0.99999,0,0,0,1,449.9,-298.32,50,1
0.99999,-0.0049085,0,0.0049085,0.99999,0,0,0,1,449.87,-297.91,50,1
0.99998,-0.0059895,0,0.0059895,0.99998,0,0,0,1,449.84,-297.45,50,1
0.99997,-0.0072113,0,0.0072113,0.99997,0,0,0,1,449.81,-296.94,50,1
0.99996,-0.0085807,0,0.0085807,0.99996,0,0,0,1,449.77,-296.35,50,1
0.99995,-0.010104,0,0.010104,0.99995,0,0,0,1,449.73,-295.71,50,1
0.99993,-0.011788,0,0.011788,0.99993,0,0,0,1,449.68,-294.99,50,1
0.99991,-0.013638,0,0.013638,0.99991,0,0,0,1,449.62,-294.21,50,1
0.99988,-0.01566,0,0.01566,0.99988,0,0,0,1,449.56,-293.35,50,1
0.99984,-0.017859,0,0.017859,0.99984,0,0,0,1,449.49,-292.41,50,1
0.9998,-0.02024,0,0.02024,0.9998,0,0,0,1,449.41,-291.4,50,1
0.99974,-0.022808,0,0.022808,0.99974,0,0,0,1,449.32,-290.31,50,1
0.99967,-0.025568,0,0.025568,0.99967,0,0,0,1,449.22,-289.14,50,1
0.99959,-0.028522,0,0.028522,0.99959,0,0,0,1,449.11,-287.89,50,1
0.9995,-0.031676,0,0.031676,0.9995,0,0,0,1,448.99,-286.55,50,1
0.99939,-0.035033,0,0.035033,0.99939,0,0,0,1,448.86,-285.13,50,1
0.99925,-0.038597,0,0.038597,0.99925,0,0,0,1,448.72,-283.62,50,1
0.9991,-0.042369,0,0.042369,0.9991,0,0,0,1,448.56,-282.02,50,1
0.99893,-0.046353,0,0.046353,0.99893,0,0,0,1,448.38,-280.33,50,1
0.99872,-0.050552,0,0.050552,0.99872,0,0,0,1,448.19,-278.55,50,1
0.99849,-0.054968,0,0.054968,0.99849,0,0,0,1,447.98,-276.68,50,1
0.99822,-0.059602,0,0.059602,0.99822,0,0,0,1,447.75,-274.71,50,1
0.99792,-0.064456,0,0.064456,0.99792,0,0,0,1,447.5,-272.66,50,1
0.99758,-0.069531,0,0.069531,0.99758,0,0,0,1,447.23,-270.51,50,1
0.9972,-0.07483,0,0.07483,0.9972,0,0,0,1,446.94,-268.27,50,1
0.99677,-0.080351,0,0.080351,0.99677,0,0,0,1,446.62,-265.93,50,1
0.99629,-0.086097,0,0.086097,0.99629,0,0,0,1,446.27,-263.5,50,1
0.99575,-0.092067,0,0.092067,0.99575,0,0,0,1,445.89,-260.98,50,1
0.99516,-0.098261,0,0.098261,0.99516,0,0,0,1,445.49,-258.36,50,1
0.99451,-0.10468,0,0.10468,0.99451,0,0,0,1,445.05,-255.65,50,1
0.99378,-0.11132,0,0.11132,0.99378,0,0,0,1,444.58,-252.84,50,1
0.99299,-0.11818,0,0.11818,0.99299,0,0,0,1,444.07,-249.95,50,1
0.99212,-0.12527,0,0.12527,0.99212,0,0,0,1,443.52,-246.96,50,1
0.99117,-0.13257,0,0.13257,0.99117,0,0,0,1,442.93,-243.88,50,1
0.99014,-0.14009,0,0.14009,0.99014,0,0,0,1,442.31,-240.71,50,1
0.98901,-0.14783,0,0.14783,0.98901,0,0,0,1,441.63,-237.45,50,1
0.98779,-0.15578,0,0.15578,0.98779,0,0,0,1,440.92,-234.1,50,1
0.98647,-0.16395,0,0.16395,0.98647,0,0,0,1,440.15,-230.66,50,1
0.98504,-0.17232,0,0.17232,0.98504,0,0,0,1,439.33,-227.14,50,1
0.9835,-0.18089,0,0.18089,0.9835,0,0,0,1,438.47,-223.53,50,1
0.98185,-0.18967,0,0.18967,0.98185,0,0,0,1,437.54,-219.84,50,1
0.98007,-0.19865,0,0.19865,0.98007,0,0,0,1,436.56,-216.07,50,1
0.97817,-0.20782,0,0.20782,0.97817,0,0,0,1,435.53,-212.22,50,1
0.97613,-0.21718,0,0.21718,0.97613,0,0,0,1,434.43,-208.3,50,1
0.97396,-0.22672,0,0.22672,0.97396,0,0,0,1,433.27,-204.3,50,1
0.97165,-0.23644,0,0.23644,0.97165,0,0,0,1,432.04,-200.22,50,1
0.96918,-0.24634,0,0.24634,0.96918,0,0,0,1,430.74,-196.07,50,1
0.96657,-0.25641,0,0.25641,0.96657,0,0,0,1,429.38,-191.86,50,1
0.9638,-0.26664,0,0.26664,0.9638,0,0,0,1,427.95,-187.58,50,1
0.96086,-0.27703,0,0.27703,0.96086,0,0,0,1,426.44,-183.24,50,1
0.95776,-0.28758,0,0.28758,0.95776,0,0,0,1,424.86,-178.84,50,1
0.95448,-0.29827,0,0.29827,0.95448,0,0,0,1,423.2,-174.37,50,1
0.95103,-0.30909,0,0.30909,0.95103,0,0,0,1,421.46,-169.86,50,1
0.9474,-0.32005,0,0.32005,0.9474,0,0,0,1,419.64,-165.29,50,1
0.94358,-0.33114,0,0.33114,0.94358,0,0,0,1,417.74,-160.68,50,1
0.93958,-0.34234,0,0.34234,0.93958,0,0,0,1,415.76,-156.02,50,1
0.93538,-0.35365,0,0.35365,0.93538,0,0,0,1,413.69,-151.31,50,1
0.93098,-0.36507,0,0.36507,0.93098,0,0,0,1,411.54,-146.57,50,1
0.92639,-0.37657,0,0.37657,0.92639,0,0,0,1,409.3,-141.8,50,1
0.92159,-0.38817,0,0.38817,0.92159,0,0,0,1,406.97,-136.99,50,1
0.91658,-0.39984,0,0.39984,0.91658,0,0,0,1,404.55,-132.15,50,1
0.91137,-0.41158,0,0.41158,0.91137,0,0,0,1,402.04,-127.29,50,1
0.90595,-0.42339,0,0.42339,0.90595,0,0,0,1,399.44,-122.41,50,1
0.90031,-0.43525,0,0.43525,0.90031,0,0,0,1,396.75,-117.51,50,1
0.89446,-0.44715,0,0.44715,0.89446,0,0,0,1,393.97,-112.6,50,1
0.88839,-0.45908,0,0.45908,0.88839,0,0,0,1,391.09,-107.68,50,1
0.88211,-0.47104,0,0.47104,0.88211,0,0,0,1,388.12,-102.75,50,1
0.87561,-0.48302,0,0.48302,0.87561,0,0,0,1,385.06,-97.827,50,1
0.86889,-0.495,0,0.495,0.86889,0,0,0,1,381.9,-92.901,50,1
0.86195,-0.50699,0,0.50699,0.86195,0,0,0,1,378.66,-87.982,50,1
0.8548,-0.51896,0,0.51896,0.8548,0,0,0,1,375.32,-83.072,50,1
0.84743,-0.53091,0,0.53091,0.84743,0,0,0,1,371.88,-78.176,50,1
0.83984,-0.54284,0,0.54284,0.83984,0,0,0,1,368.36,-73.297,50,1
0.83203,-0.55473,0,0.55473,0.83203,0,0,0,1,364.75,-68.441,50,1
0.82402,-0.56657,0,0.56657,0.82402,0,0,0,1,361.04,-63.609,50,1
0.81579,-0.57835,0,0.57835,0.81579,0,0,0,1,357.25,-58.806,50,1
0.80735,-0.59007,0,0.59007,0.80735,0,0,0,1,353.37,-54.036,50,1
0.79871,-0.60172,0,0.60172,0.79871,0,0,0,1,349.41,-49.303,50,1
0.78987,-0.61328,0,0.61328,0.78987,0,0,0,1,345.36,-44.609,50,1
0.78082,-0.62475,0,0.62475,0.78082,0,0,0,1,341.23,-39.959,50,1
